entry1
OA -31.024 38.756 360.357
OB -32.441 37.402 359.431
OC -34.953 35.212 361.358
OD -34.548 35.162 363.498
OE -32.094 35.115 364.252
OF -31.182 36.547 365.655
OG -30.365 40.104 363.256
OH -30.392 39.1 365.108
OI -32.285 38.467 366.925
OJ -34.444 39.018 366.534
OK -34.448 41.588 362.647
OL -35.306 40.327 364.191
N -36.565 37.763 365.037
entry2
OA -31.515 38.975 362.711
OB -32.612 37.391 361.619
OC -35.103 35.284 363.595
OD -34.788 35.431 365.777
OE -32.267 35.502 366.756
OF -31.464 36.92 368.24
OG -30.59 40.555 365.399
OH -30.658 39.364 367.181
OI -32.382 39.153 369.282
OJ -34.617 39.37 368.939
OK -34.587 42.357 365.523
OL -35.644 40.832 366.649
N -36.819 38.211 367.649
entry3
OA -31.438 39.127 362.014
OB -32.614 37.656 360.874
OC -35.168 35.396 362.88
OD -34.665 35.523 365.014
OE -32.232 35.871 366.327
OF -31.398 37.19 367.857
OG -30.491 40.556 365.001
OH -30.578 39.517 366.864
OI -32.524 39.229 368.716
OJ -34.724 39.708 368.336
OK -34.755 42.326 364.531
OL -35.396 41.142 366.263
N -36.725 38.372 367.014
entry4
OA -31.236 38.698 361.894
OB -32.436 37.235 360.791
OC -35.027 35.151 362.871
OD -34.641 35.116 365.028
OE -31.778 35.267 365.886
OF -31.244 36.776 367.398
OG -30.321 40.317 364.764
OH -30.219 39.293 366.68
OI -32.254 38.68 368.601
OJ -34.375 39.345 368.141
OK -34.856 41.928 364.377
OL -35.185 40.754 366.19
N -36.65 38.121 366.767
entry5
OA -31.199 38.638 361.059
OB -32.556 37.342 359.956
OC -34.967 35.087 361.946
OD -34.46 35.08 364.087
OE -32.138 35.36 365.183
OF -31.106 36.777 366.529
OG -30.319 40.185 363.946
OH -30.351 39.226 365.88
OI -32.284 38.897 367.613
OJ -34.469 39.223 367.336
OK -34.562 41.805 363.274
OL -35.286 40.437 364.789
N -36.428 37.903 365.815
entry6
OA -31.067 38.76 362.313
OB -32.514 37.522 361.216
OC -35.037 35.276 363.37
OD -34.441 35.045 365.468
OE -31.718 35.308 366.214
OF -31.197 36.761 367.779
OG -30.449 40.169 365.21
OH -30.418 39.244 367.18
OI -32.364 38.758 368.927
OJ -34.549 39.231 368.642
OK -34.693 41.531 364.543
OL -35.38 40.402 366.263
N -36.531 37.832 366.894
entry7
OA -90.001 -12.44 328.366
OB -88.755 -10.827 329.119
OC -86.25 -11.84 331.698
OD -86.805 -13.584 332.872
OE -89.474 -14.795 332.888
OF -90.489 -16.679 332.425
OG -90.674 -15.832 327.905
OH -90.989 -16.983 329.715
OI -88.982 -18.326 330.914
OJ -86.798 -18.215 330.748
OK -87.132 -16.072 326.707
OL -85.933 -16.364 328.472
N -84.858 -16.131 331.149
entry8
OA -90.811 -12.497 330.496
OB -89.462 -11.005 331.376
OC -87.05 -11.734 333.984
OD -87.485 -13.686 334.921
OE -89.953 -14.758 335.152
OF -90.984 -16.69 334.776
OG -91.629 -15.843 329.998
OH -91.491 -16.945 331.894
OI -89.509 -18.433 333.502
OJ -87.502 -18.334 332.71
OK -87.65 -16.252 328.853
OL -86.675 -16.592 330.748
N -85.466 -16.372 333.351
entry9
OA -90.923 -12.349 329.989
OB -89.752 -10.656 330.864
OC -87.174 -11.484 333.378
OD -87.462 -13.426 334.299
OE -89.93 -14.66 334.48
OF -90.935 -16.544 334.015
OG -91.676 -15.731 329.573
OH -91.603 -16.883 331.423
OI -89.789 -18.388 332.699
OJ -87.624 -18.156 332.359
OK -87.696 -16.116 328.262
OL -86.924 -16.955 330.085
N -85.436 -16.124 332.608
entry10
OA -90.449 -12.427 329.889
OB -88.994 -10.971 330.615
OC -86.566 -11.668 333.389
OD -87.006 -13.561 334.408
OE -89.749 -14.68 334.641
OF -90.506 -16.544 333.797
OG -91.306 -15.705 329.335
OH -91.123 -16.915 331.09
OI -89.182 -18.591 332.571
OJ -87.052 -18.534 332.072
OK -87.035 -16.064 328.026
OL -86.263 -16.982 329.859
N -84.848 -16.323 332.39
entry11
OA -90.255 -12.583 328.936
OB -89.113 -10.934 329.837
OC -86.464 -11.843 332.331
OD -86.989 -13.768 333.271
OE -89.449 -14.707 333.496
OF -90.431 -16.585 332.909
OG -90.841 -15.878 328.54
OH -90.987 -17.078 330.324
OI -89.016 -18.474 331.329
OJ -86.809 -18.415 331.471
OK -87.003 -15.871 327.211
OL -86.098 -16.595 329.048
N -84.823 -16.209 331.57
entry12
OA -90.356 -12.442 330.007
OB -89.035 -10.849 330.776
OC -86.318 -11.929 333.62
OD -86.991 -13.671 334.761
OE -89.639 -14.752 334.705
OF -90.32 -16.76 334.157
OG -91.021 -15.788 329.68
OH -91.017 -17.084 331.417
OI -89.044 -18.611 332.692
OJ -86.84 -18.521 332.443
OK -87.099 -15.954 328.425
OL -86.145 -16.425 330.302
N -84.838 -16.221 332.883
entry13
OA -31.426 38.469 360.509
OB -32.903 37.369 359.183
OC -34.971 34.701 361.039
OD -34.697 35.268 363.23
OE -32.036 35.15 364.178
OF -31.105 36.504 365.727
OG -30.527 40.181 363.267
OH -30.467 39.15 365.276
OI -32.433 38.613 367.046
OJ -34.635 39.062 366.71
OK -34.562 41.372 362.837
OL -35.663 40.224 364.426
N -36.465 37.742 364.956
entry14
OA -31.174 38.455 360.511
OB -32.511 37.111 359.288
OC -34.962 34.855 361.092
OD -34.391 34.999 363.26
OE -31.966 35.019 364.244
OF -31.157 36.47 365.754
OG -30.5 40.165 363.238
OH -30.495 39.128 365.238
OI -32.409 38.557 366.964
OJ -34.617 38.917 366.728
OK -34.578 41.392 362.907
OL -35.481 40.502 364.794
N -36.558 37.886 365.052
entry15
OA -89.889 -12.404 328.548
OB -88.477 -10.686 329.009
OC -86.312 -11.369 332.112
OD -86.573 -13.602 332.495
OE -89.345 -14.423 333.054
OF -90.325 -16.353 332.409
OG -90.853 -15.648 327.959
OH -90.887 -17.004 329.764
OI -88.916 -18.423 331.038
OJ -86.708 -18.269 330.523
OK -86.798 -15.717 326.83
OL -85.686 -16.671 328.536
N -84.912 -16.138 331.03
entry16
OA -90.165 -12.403 328.567
OB -88.852 -10.712 329.28
OC -86.361 -11.504 332.006
OD -86.946 -13.52 332.807
OE -89.441 -14.426 333.197
OF -90.269 -16.385 332.472
OG -90.869 -15.625 327.972
OH -90.856 -16.981 329.769
OI -88.94 -18.335 331.071
OJ -86.724 -18.223 330.7
OK -86.795 -15.803 326.867
OL -85.864 -17.133 328.456
N -84.817 -16.285 330.953
entry17
OA -31.754 38.74 362.811
OB -33.167 37.575 361.471
OC -35.231 35.0 363.472
OD -35.071 35.651 365.648
OE -32.287 35.479 366.668
OF -31.316 36.894 368.123
OG -30.731 40.504 365.501
OH -30.666 39.463 367.507
OI -32.624 39.064 369.377
OJ -34.828 39.524 369.05
OK -34.774 41.938 365.24
OL -35.839 40.748 366.818
N -36.688 38.239 367.345
entry18
OA -31.453 38.697 362.81
OB -32.827 37.379 361.604
OC -35.265 35.182 363.52
OD -34.682 35.286 365.689
OE -32.182 35.349 366.664
OF -31.344 36.839 368.113
OG -30.7 40.48 365.478
OH -30.69 39.442 367.479
OI -32.589 38.963 369.304
OJ -34.798 39.319 369.066
OK -34.839 41.967 365.334
OL -35.643 40.975 367.209
N -36.75 38.354 367.399
entry19
OA -90.49 -12.49 330.675
OB -89.02 -10.816 331.11
OC -87.038 -11.418 334.357
OD -87.235 -13.66 334.718
OE -89.975 -14.498 335.229
OF -90.963 -16.434 334.631
OG -91.511 -15.716 330.189
OH -91.533 -17.074 331.989
OI -89.569 -18.513 333.273
OJ -87.355 -18.386 332.776
OK -87.331 -15.933 329.003
OL -86.291 -16.844 330.775
N -85.555 -16.258 333.264
entry20
OA -90.787 -12.471 330.746
OB -89.472 -10.788 331.476
OC -87.004 -11.511 334.239
OD -87.552 -13.543 335.027
OE -90.023 -14.467 335.415
OF -90.911 -16.406 334.71
OG -91.546 -15.678 330.212
OH -91.523 -17.027 332.012
OI -89.604 -18.406 333.322
OJ -87.39 -18.317 332.94
OK -87.3 -16.011 329.004
OL -86.5 -17.3 330.693
N -85.475 -16.368 333.158
entry21
OA -31.623 38.962 362.121
OB -33.128 37.891 360.802
OC -35.235 35.265 362.762
OD -35.011 35.882 364.945
OE -32.259 35.638 366.027
OF -31.364 37.015 367.565
OG -30.544 40.55 364.994
OH -30.556 39.504 366.998
OI -32.621 39.211 368.792
OJ -34.801 39.711 368.407
OK -34.726 42.091 364.558
OL -35.772 40.909 366.155
N -36.611 38.417 366.675
entry22
OA -31.349 38.9 362.13
OB -32.706 37.56 360.928
OC -35.179 35.367 362.808
OD -34.621 35.488 364.984
OE -32.139 35.497 366.013
OF -31.408 36.965 367.543
OG -30.52 40.551 364.983
OH -30.582 39.49 366.969
OI -32.582 39.13 368.716
OJ -34.774 39.521 368.418
OK -34.773 42.132 364.649
OL -35.573 41.149 366.53
N -36.673 38.538 366.719
entry23
OA -90.625 -12.345 330.165
OB -89.117 -10.68 330.491
OC -87.089 -11.263 333.737
OD -87.247 -13.51 334.1
OE -89.989 -14.371 334.646
OF -90.964 -16.316 334.058
OG -91.616 -15.583 329.669
OH -91.596 -16.952 331.464
OI -89.638 -18.401 332.713
OJ -87.432 -18.308 332.178
OK -87.498 -15.861 328.365
OL -86.393 -16.742 330.115
N -85.558 -16.138 332.598
entry24
OA -90.91 -12.334 330.215
OB -89.566 -10.647 330.872
OC -87.047 -11.376 333.598
OD -87.563 -13.417 334.385
OE -90.038 -14.343 334.828
OF -90.91 -16.289 334.123
OG -91.658 -15.541 329.691
OH -91.589 -16.898 331.487
OI -89.671 -18.294 332.757
OJ -87.464 -18.239 332.33
OK -87.429 -15.926 328.383
OL -86.589 -17.204 330.062
N -85.487 -16.267 332.521
entry25
OA -31.532 38.622 361.99
OB -32.996 37.484 360.681
OC -34.996 34.838 362.655
OD -34.841 35.496 364.83
OE -32.094 35.353 365.842
OF -31.119 36.751 367.315
OG -30.453 40.421 364.758
OH -30.422 39.324 366.728
OI -32.404 38.883 368.592
OJ -34.612 39.32 368.279
OK -34.593 41.768 364.494
OL -35.656 40.535 366.042
N -36.458 38.022 366.535
entry26
OA -31.227 38.556 361.995
OB -32.569 37.182 360.813
OC -35.011 34.974 362.694
OD -34.508 35.157 364.877
OE -32.021 35.2 365.89
OF -31.178 36.701 367.331
OG -30.415 40.388 364.732
OH -30.443 39.298 366.7
OI -32.378 38.803 368.519
OJ -34.588 39.151 368.284
OK -34.675 41.796 364.557
OL -35.463 40.779 366.425
N -36.523 38.149 366.582
entry27
OA -90.035 -12.47 329.874
OB -88.559 -10.814 330.354
OC -86.6 -11.464 333.601
OD -86.758 -13.709 333.955
OE -89.526 -14.602 334.494
OF -90.504 -16.524 333.84
OG -91.122 -15.737 329.424
OH -91.099 -17.134 331.192
OI -89.158 -18.576 332.52
OJ -86.941 -18.496 332.037
OK -86.945 -15.975 328.224
OL -85.885 -16.952 329.948
N -85.052 -16.276 332.45
entry28
OA -90.318 -12.471 329.889
OB -89.035 -10.811 330.714
OC -86.572 -11.588 333.467
OD -87.08 -13.626 334.271
OE -89.599 -14.599 334.651
OF -90.421 -16.552 333.902
OG -91.144 -15.71 329.445
OH -91.066 -17.112 331.202
OI -89.139 -18.51 332.531
OJ -86.929 -18.471 332.129
OK -86.908 -16.068 328.226
OL -86.043 -17.369 329.875
N -84.966 -16.418 332.383
entry29
OA -31.462 38.497 361.164
OB -32.996 37.468 359.848
OC -34.953 34.744 361.767
OD -34.794 35.412 363.94
OE -32.1 35.284 364.95
OF -31.137 36.645 366.47
OG -30.506 40.301 363.932
OH -30.443 39.225 365.918
OI -32.423 38.809 367.747
OJ -34.62 39.257 367.399
OK -34.554 41.493 363.485
OL -35.65 40.377 365.102
N -36.413 37.91 365.697
entry30
OA -31.235 38.483 361.174
OB -32.582 37.153 359.951
OC -35.048 34.943 361.788
OD -34.487 35.091 363.961
OE -32.027 35.111 364.975
OF -31.208 36.582 366.463
OG -30.481 40.28 363.907
OH -30.469 39.192 365.88
OI -32.394 38.726 367.674
OJ -34.596 39.09 367.419
OK -34.564 41.527 363.564
OL -35.436 40.668 365.481
N -36.5 38.055 365.779
entry31
OA -90.03 -12.547 329.107
OB -88.478 -10.921 329.422
OC -86.504 -11.383 332.669
OD -86.699 -13.627 333.038
OE -89.404 -14.5 333.573
OF -90.336 -16.472 332.997
OG -90.893 -15.773 328.549
OH -90.93 -17.105 330.376
OI -88.947 -18.547 331.621
OJ -86.738 -18.395 331.121
OK -86.869 -15.848 327.405
OL -85.733 -16.776 329.111
N -84.934 -16.192 331.592
entry32
OA -90.294 -12.551 329.108
OB -88.977 -10.867 329.826
OC -86.504 -11.503 332.56
OD -87.019 -13.548 333.344
OE -89.456 -14.501 333.76
OF -90.27 -16.479 333.07
OG -90.932 -15.729 328.577
OH -90.91 -17.067 330.391
OI -88.975 -18.455 331.649
OJ -86.761 -18.347 331.271
OK -86.853 -15.912 327.425
OL -85.917 -17.234 329.022
N -84.842 -16.336 331.515
entry33
OA -31.43 38.539 362.416
OB -32.896 37.434 361.085
OC -35.022 34.797 363.077
OD -34.759 35.387 365.263
OE -32.047 35.258 366.277
OF -31.12 36.65 367.791
OG -30.504 40.251 365.168
OH -30.468 39.257 367.197
OI -32.436 38.815 369.047
OJ -34.644 39.216 368.71
OK -34.61 41.432 364.756
OL -35.681 40.335 366.4
N -36.467 37.845 366.954
entry34
OA -31.183 38.526 362.427
OB -32.503 37.158 361.218
OC -34.942 34.889 363.111
OD -34.394 35.049 365.284
OE -31.935 35.108 366.297
OF -31.189 36.593 367.808
OG -30.495 40.245 365.15
OH -30.496 39.233 367.164
OI -32.408 38.746 368.969
OJ -34.62 39.054 368.723
OK -34.6 41.476 364.857
OL -35.491 40.599 366.755
N -36.551 37.968 367.028
entry35
OA -90.025 -12.453 330.196
OB -88.684 -10.722 330.782
OC -86.444 -11.502 333.871
OD -86.762 -13.697 334.389
OE -89.414 -14.563 334.802
OF -90.357 -16.523 334.18
OG -90.985 -15.732 329.754
OH -90.963 -17.144 331.513
OI -89.004 -18.6 332.784
OJ -86.788 -18.458 332.323
OK -86.819 -15.756 328.662
OL -85.729 -16.776 330.345
N -84.975 -16.224 332.857
entry36
OA -90.236 -12.454 330.202
OB -88.948 -10.758 330.957
OC -86.434 -11.583 333.77
OD -87.01 -13.597 334.603
OE -89.447 -14.659 335.016
OF -90.282 -16.6 334.246
OG -91.01 -15.704 329.775
OH -90.945 -17.116 331.527
OI -89.015 -18.525 332.802
OJ -86.8 -18.426 332.431
OK -86.846 -15.864 328.652
OL -85.909 -17.214 330.224
N -84.88 -16.37 332.763
entry37
OA -31.276 38.43 360.501
OB -32.757 37.318 359.204
OC -35.076 34.852 361.047
OD -34.597 35.15 363.249
OE -32.033 35.132 364.245
OF -31.111 36.522 365.766
OG -30.498 40.159 363.248
OH -30.504 39.172 365.28
OI -32.462 38.617 367.026
OJ -34.698 38.924 366.836
OK -34.692 41.298 362.669
OL -35.737 40.289 364.382
N -36.527 37.762 364.921
entry38
OA -31.179 38.458 360.499
OB -32.6 37.21 359.27
OC -35.047 34.881 361.118
OD -34.431 34.995 363.276
OE -31.971 35.041 364.233
OF -31.149 36.47 365.763
OG -30.499 40.165 363.242
OH -30.487 39.138 365.248
OI -32.42 38.561 366.982
OJ -34.631 38.936 366.74
OK -34.675 41.329 362.819
OL -35.534 40.469 364.734
N -36.548 37.869 365.039
entry39
OA -90.006 -12.385 328.584
OB -88.542 -10.717 329.026
OC -86.294 -11.391 332.048
OD -86.757 -13.527 332.682
OE -89.385 -14.458 333.092
OF -90.312 -16.407 332.43
OG -90.878 -15.633 327.97
OH -90.849 -17.022 329.747
OI -88.887 -18.405 331.047
OJ -86.648 -18.311 330.717
OK -86.727 -15.605 326.837
OL -85.613 -16.632 328.494
N -84.864 -16.096 331.039
entry40
OA -90.152 -12.388 328.573
OB -88.754 -10.729 329.189
OC -86.351 -11.505 332.049
OD -86.916 -13.55 332.818
OE -89.441 -14.438 333.169
OF -90.276 -16.408 332.473
OG -90.867 -15.63 327.972
OH -90.865 -16.997 329.765
OI -88.923 -18.355 331.065
OJ -86.707 -18.244 330.667
OK -86.703 -15.693 326.867
OL -85.809 -17.049 328.449
N -84.829 -16.254 330.955
entry41
OA -31.604 38.662 362.801
OB -33.063 37.531 361.496
OC -35.4 35.233 363.484
OD -34.884 35.438 365.685
OE -32.24 35.445 366.684
OF -31.304 36.887 368.141
OG -30.695 40.47 365.481
OH -30.694 39.477 367.51
OI -32.638 39.047 369.353
OJ -34.877 39.337 369.163
OK -34.919 41.888 365.106
OL -35.9 40.78 366.79
N -36.734 38.226 367.301
entry42
OA -31.45 38.704 362.793
OB -32.93 37.504 361.594
OC -35.35 35.216 363.556
OD -34.715 35.275 365.716
OE -32.186 35.37 366.654
OF -31.338 36.841 368.122
OG -30.694 40.477 365.477
OH -30.679 39.445 367.484
OI -32.599 38.97 369.317
OJ -34.812 39.327 369.08
OK -34.948 41.904 365.246
OL -35.69 40.944 367.156
N -36.742 38.335 367.38
entry43
OA -90.626 -12.455 330.761
OB -89.154 -10.793 331.198
OC -86.871 -11.498 334.171
OD -87.38 -13.592 334.892
OE -89.997 -14.498 335.285
OF -90.959 -16.438 334.65
OG -91.535 -15.692 330.2
OH -91.5 -17.08 331.975
OI -89.545 -18.484 333.273
OJ -87.301 -18.422 332.967
OK -87.195 -15.765 328.993
OL -86.217 -16.813 330.72
N -85.504 -16.215 333.252
entry44
OA -90.774 -12.468 330.728
OB -89.313 -10.854 331.31
OC -86.931 -11.552 334.223
OD -87.536 -13.558 335.055
OE -90.038 -14.454 335.371
OF -90.92 -16.413 334.705
OG -91.544 -15.683 330.208
OH -91.526 -17.039 332.006
OI -89.59 -18.422 333.321
OJ -87.372 -18.339 332.935
OK -87.192 -15.901 329.03
OL -86.445 -17.239 330.698
N -85.482 -16.349 333.171
entry45
OA -31.492 38.874 362.121
OB -32.83 37.588 360.828
OC -35.613 35.841 362.906
OD -34.831 35.663 365.031
OE -32.229 35.597 366.053
OF -31.347 37.012 367.57
OG -30.515 40.53 364.981
OH -30.583 39.52 366.999
OI -32.63 39.209 368.764
OJ -34.855 39.538 368.52
OK -34.904 42.001 364.376
OL -35.827 40.952 366.129
N -36.661 38.413 366.645
entry46
OA -31.35 38.901 362.116
OB -32.774 37.637 360.911
OC -35.253 35.391 362.841
OD -34.667 35.505 365.017
OE -32.162 35.521 366.029
OF -31.401 36.969 367.569
OG -30.52 40.549 364.984
OH -30.573 39.497 366.98
OI -32.595 39.141 368.735
OJ -34.79 39.538 368.434
OK -34.889 42.055 364.555
OL -35.622 41.118 366.48
N -36.665 38.519 366.709
entry47
OA -90.754 -12.31 330.243
OB -89.441 -10.557 330.809
OC -86.616 -11.669 333.191
OD -87.375 -13.502 334.301
OE -89.988 -14.389 334.723
OF -90.964 -16.317 334.068
OG -91.668 -15.536 329.696
OH -91.558 -16.952 331.447
OI -89.612 -18.373 332.697
OJ -87.376 -18.348 332.337
OK -87.309 -15.631 328.357
OL -86.318 -16.717 330.054
N -85.498 -16.124 332.584
entry48
OA -90.906 -12.326 330.198
OB -89.413 -10.717 330.702
OC -87.035 -11.38 333.629
OD -87.555 -13.428 334.417
OE -90.051 -14.34 334.789
OF -90.922 -16.302 334.118
OG -91.661 -15.543 329.688
OH -91.59 -16.912 331.478
OI -89.657 -18.308 332.752
OJ -87.446 -18.256 332.324
OK -87.319 -15.811 328.401
OL -86.534 -17.134 330.064
N -85.495 -16.234 332.528
entry49
OA -31.351 38.551 361.986
OB -32.785 37.358 360.709
OC -35.145 35.022 362.653
OD -34.709 35.317 364.863
OE -32.087 35.327 365.904
OF -31.132 36.762 367.357
OG -30.41 40.385 364.733
OH -30.461 39.346 366.732
OI -32.439 38.894 368.564
OJ -34.676 39.199 368.38
OK -34.773 41.705 364.305
OL -35.731 40.582 365.995
N -36.51 38.028 366.486
entry50
OA -31.217 38.565 361.981
OB -32.658 37.298 360.803
OC -35.099 35.035 362.733
OD -34.541 35.155 364.913
OE -32.028 35.229 365.885
OF -31.172 36.707 367.346
OG -30.41 40.387 364.732
OH -30.435 39.305 366.708
OI -32.39 38.818 368.531
OJ -34.604 39.173 368.296
OK -34.799 41.723 364.449
OL -35.513 40.754 366.366
N -36.516 38.137 366.566
entry51
OA -90.187 -12.435 329.943
OB -88.725 -10.789 330.455
OC -86.452 -11.537 333.42
OD -86.909 -13.643 334.139
OE -89.547 -14.618 334.542
OF -90.487 -16.549 333.849
OG -91.155 -15.708 329.435
OH -91.067 -17.136 331.174
OI -89.132 -18.546 332.487
OJ -86.888 -18.532 332.178
OK -86.819 -15.814 328.202
OL -85.805 -16.893 329.889
N -85.007 -16.226 332.436
entry52
OA -90.328 -12.456 329.895
OB -88.908 -10.852 330.587
OC -86.531 -11.614 333.473
OD -87.064 -13.641 334.302
OE -89.604 -14.598 334.622
OF -90.433 -16.561 333.902
OG -91.146 -15.712 329.442
OH -91.077 -17.119 331.198
OI -89.138 -18.518 332.529
OJ -86.921 -18.481 332.13
OK -86.809 -15.961 328.241
OL -85.997 -17.298 329.881
N -84.981 -16.38 332.388
entry53
OA -31.348 38.465 361.158
OB -32.864 37.407 359.858
OC -35.11 34.905 361.74
OD -34.674 35.242 363.947
OE -32.096 35.239 364.978
OF -31.151 36.641 366.475
OG -30.479 40.278 363.913
OH -30.486 39.244 365.919
OI -32.454 38.799 367.722
OJ -34.685 39.117 367.518
OK -34.694 41.421 363.322
OL -35.73 40.425 365.049
N -36.471 37.913 365.671
entry54
OA -31.218 38.5 361.157
OB -32.688 37.294 359.953
OC -35.074 34.937 361.818
OD -34.502 35.076 363.994
OE -32.027 35.143 364.969
OF -31.194 36.592 366.476
OG -30.471 40.279 363.906
OH -30.462 39.203 365.889
OI -32.408 38.74 367.683
OJ -34.611 39.12 367.424
OK -34.681 41.459 363.456
OL -35.494 40.637 365.408
N -36.488 38.041 365.75
entry55
OA -90.12 -12.528 329.141
OB -88.604 -10.891 329.507
OC -86.357 -11.468 332.501
OD -86.832 -13.582 333.194
OE -89.419 -14.527 333.613
OF -90.325 -16.502 333.002
OG -90.923 -15.741 328.564
OH -90.887 -17.12 330.353
OI -88.913 -18.528 331.614
OJ -86.671 -18.454 331.308
OK -86.742 -15.683 327.399
OL -85.645 -16.744 329.049
N -84.874 -16.168 331.582
entry56
OA -90.256 -12.547 329.096
OB -88.806 -10.919 329.666
OC -86.426 -11.533 332.55
OD -86.993 -13.564 333.36
OE -89.467 -14.504 333.706
OF -90.276 -16.501 333.061
OG -90.928 -15.735 328.572
OH -90.907 -17.087 330.38
OI -88.951 -18.477 331.645
OJ -86.734 -18.378 331.257
OK -86.743 -15.812 327.446
OL -85.846 -17.172 329.025
N -84.844 -16.329 331.526
entry57
OA -31.304 38.495 362.414
OB -32.736 37.335 361.109
OC -35.099 34.935 363.074
OD -34.595 35.196 365.274
OE -32.021 35.223 366.31
OF -31.13 36.65 367.814
OG -30.485 40.236 365.152
OH -30.508 39.277 367.196
OI -32.462 38.811 369.019
OJ -34.701 39.068 368.83
OK -34.731 41.366 364.613
OL -35.761 40.364 366.338
N -36.516 37.831 366.915
entry58
OA -31.171 38.539 362.409
OB -32.606 37.292 361.208
OC -35.036 34.919 363.141
OD -34.425 35.035 365.307
OE -31.942 35.127 366.288
OF -31.177 36.594 367.813
OG -30.492 40.245 365.15
OH -30.485 39.238 367.169
OI -32.415 38.751 368.98
OJ -34.63 39.064 368.733
OK -34.706 41.41 364.766
OL -35.541 40.56 366.696
N -36.535 37.946 367.012
entry59
OA -90.16 -12.439 330.217
OB -88.758 -10.756 330.771
OC -86.339 -11.589 333.722
OD -86.83 -13.678 334.466
OE -89.425 -14.626 334.833
OF -90.338 -16.582 334.172
OG -91.017 -15.703 329.765
OH -90.922 -17.157 331.487
OI -88.963 -18.587 332.761
OJ -86.72 -18.525 332.468
OK -86.721 -15.613 328.644
OL -85.643 -16.739 330.264
N -84.918 -16.202 332.826
entry60
OA -90.314 -12.441 330.181
OB -88.857 -10.849 330.825
OC -86.383 -11.671 333.725
OD -87.032 -13.622 334.641
OE -89.458 -14.687 335.04
OF -90.289 -16.633 334.266
OG -91.013 -15.703 329.774
OH -90.96 -17.12 331.526
OI -89.028 -18.527 332.771
OJ -86.811 -18.404 332.408
OK -86.749 -15.735 328.689
OL -85.852 -17.073 330.28
N -84.923 -16.293 332.811
entry61
OA 29.756 -35.689 -58.235
OB 28.884 -34.326 -56.767
OC 26.019 -31.834 -57.684
OD 25.935 -31.727 -59.879
OE 28.187 -32.063 -61.642
OF 28.404 -33.564 -63.259
OG 29.301 -37.306 -60.986
OH 28.593 -36.306 -62.753
OI 26.238 -35.665 -63.985
OJ 24.302 -35.694 -62.955
OK 25.35 -38.257 -59.058
OL 24.208 -36.757 -60.164
N 23.264 -34.165 -60.684
entry62
OA 29.75 -35.697 -58.061
OB 29.054 -34.189 -56.629
OC 26.522 -31.351 -57.747
OD 26.009 -31.761 -59.853
OE 27.406 -32.123 -62.145
OF 28.306 -33.61 -63.482
OG 29.265 -37.191 -61.022
OH 28.643 -36.109 -62.767
OI 26.145 -35.531 -64.057
OJ 24.246 -35.827 -62.986
OK 25.062 -38.381 -59.327
OL 24.109 -36.987 -60.725
N 23.153 -34.433 -60.758
entry63
OA 29.907 -35.841 -58.088
OB 29.005 -34.471 -56.641
OC 26.239 -31.705 -57.801
OD 25.86 -31.782 -59.956
OE 27.901 -31.967 -61.868
OF 28.258 -33.566 -63.369
OG 29.088 -37.321 -61.111
OH 28.525 -36.191 -62.879
OI 26.122 -35.671 -64.067
OJ 24.205 -35.82 -62.994
OK 25.374 -38.182 -59.165
OL 24.168 -36.659 -60.192
N 23.289 -34.123 -60.641
entry64
OA 29.547 -35.85 -58.139
OB 28.861 -34.344 -56.7
OC 25.917 -31.906 -57.663
OD 25.928 -31.721 -59.851
OE 28.343 -32.284 -61.683
OF 27.826 -33.536 -63.422
OG 29.105 -37.447 -61.009
OH 28.499 -36.281 -62.691
OI 26.03 -35.859 -64.12
OJ 24.118 -35.949 -63.049
OK 25.382 -38.557 -59.257
OL 24.24 -37.023 -60.32
N 23.147 -34.241 -60.814
entry65
OA 29.82 -35.931 -57.99
OB 28.97 -34.398 -56.674
OC 26.19 -31.726 -57.82
OD 25.787 -31.913 -59.982
OE 27.596 -32.131 -62.036
OF 27.902 -33.715 -63.524
OG 29.15 -37.302 -61.087
OH 28.48 -36.156 -62.752
OI 26.032 -35.782 -64.115
OJ 24.13 -36.137 -63.076
OK 25.057 -38.639 -59.382
OL 24.046 -37.219 -60.724
N 23.087 -34.473 -60.727
entry66
OA 29.675 -35.809 -58.282
OB 28.805 -34.445 -56.814
OC 25.938 -31.954 -57.728
OD 25.851 -31.849 -59.923
OE 28.099 -32.187 -61.689
OF 28.314 -33.688 -63.306
OG 29.215 -37.428 -61.031
OH 28.504 -36.43 -62.797
OI 26.147 -35.79 -64.026
OJ 24.212 -35.818 -62.992
OK 25.267 -38.379 -59.096
OL 24.123 -36.879 -60.2
N 23.178 -34.287 -60.721
entry67
OA 29.872 -35.876 -58.192
OB 28.963 -34.471 -56.77
OC 26.057 -31.799 -57.762
OD 25.98 -31.639 -59.941
OE 28.129 -32.129 -61.882
OF 28.055 -33.637 -63.489
OG 29.072 -37.446 -61.091
OH 28.524 -36.328 -62.84
OI 26.052 -35.863 -64.023
OJ 24.081 -35.807 -63.062
OK 25.384 -38.316 -59.305
OL 24.115 -36.853 -60.308
N 23.344 -34.156 -60.673
entry68
OA -8.209 20.463 -9.033
OB -7.43 18.831 -10.269
OC -5.669 19.348 -13.794
OD -6.439 21.266 -14.55
OE -8.851 22.484 -13.83
OF -9.276 24.512 -13.085
OG -8.289 23.886 -8.817
OH -8.856 25.023 -10.53
OI -7.348 26.48 -12.259
OJ -5.22 26.037 -12.452
OK -4.046 23.484 -8.725
OL -3.72 24.061 -10.815
N -3.701 23.66 -13.6
entry69
OA -8.242 20.405 -8.904
OB -7.497 18.802 -10.199
OC -6.033 19.176 -13.92
OD -6.129 21.313 -14.407
OE -8.912 22.726 -14.127
OF -9.357 24.616 -13.083
OG -8.366 23.887 -8.849
OH -8.901 24.986 -10.599
OI -7.412 26.499 -12.025
OJ -5.374 26.013 -12.646
OK -4.004 23.679 -8.827
OL -3.699 24.375 -10.89
N -3.71 23.693 -13.494
entry70
OA -8.313 20.424 -8.842
OB -7.522 18.859 -10.142
OC -5.883 19.284 -13.87
OD -6.416 21.292 -14.56
OE -8.957 22.699 -14.073
OF -9.277 24.721 -13.221
OG -8.383 23.932 -8.756
OH -8.851 25.072 -10.531
OI -7.271 26.555 -12.186
OJ -5.153 26.145 -12.505
OK -4.215 23.566 -8.873
OL -3.78 24.112 -10.977
N -3.728 23.629 -13.592
entry71
OA -8.124 20.338 -9.048
OB -7.16 18.747 -10.228
OC -5.52 19.371 -13.81
OD -6.393 21.21 -14.655
OE -9.008 22.242 -13.737
OF -9.116 24.336 -13.093
OG -8.152 23.754 -8.869
OH -8.632 24.96 -10.563
OI -7.243 26.404 -12.196
OJ -5.17 25.915 -12.733
OK -3.837 23.174 -8.842
OL -3.565 23.783 -10.942
N -3.617 23.486 -13.716
entry72
OA -8.117 20.315 -8.956
OB -7.184 18.738 -10.171
OC -5.735 19.129 -13.898
OD -6.19 21.159 -14.586
OE -8.751 22.551 -14.212
OF -9.216 24.381 -13.096
OG -8.102 23.769 -8.957
OH -8.712 24.93 -10.647
OI -7.197 26.349 -12.303
OJ -5.074 25.959 -12.681
OK -3.756 23.494 -8.86
OL -3.523 24.132 -10.959
N -3.599 23.509 -13.608
entry73
OA -8.196 20.358 -9.068
OB -7.42 18.726 -10.305
OC -5.669 19.242 -13.835
OD -6.44 21.16 -14.59
OE -8.85 22.378 -13.864
OF -9.273 24.406 -13.118
OG -8.275 23.781 -8.852
OH -8.846 24.918 -10.564
OI -7.343 26.374 -12.298
OJ -5.215 25.931 -12.496
OK -4.031 23.379 -8.772
OL -3.711 23.955 -10.863
N -3.7 23.553 -13.648
entry74
OA -8.267 20.329 -9.012
OB -7.419 18.713 -10.225
OC -5.793 19.145 -13.953
OD -6.459 21.146 -14.568
OE -8.905 22.608 -14.211
OF -9.229 24.497 -13.134
OG -8.148 23.93 -8.789
OH -8.728 25.019 -10.558
OI -7.231 26.433 -12.256
OJ -5.131 26.032 -12.718
OK -3.958 23.234 -8.832
OL -3.757 23.869 -10.939
N -3.771 23.373 -13.656
entry75
OA 29.441 -35.493 -58.19
OB 28.595 -34.312 -56.449
OC 26.344 -31.375 -57.608
OD 25.683 -31.955 -59.711
OE 27.9 -32.117 -61.617
OF 28.146 -33.566 -63.325
OG 29.191 -37.339 -61.006
OH 28.668 -36.26 -62.92
OI 26.225 -35.574 -64.025
OJ 24.239 -35.739 -62.94
OK 25.405 -38.047 -59.238
OL 23.95 -36.782 -60.396
N 23.279 -34.225 -60.692
entry76
OA 29.646 -35.504 -58.274
OB 28.966 -34.04 -56.7
OC 26.251 -31.544 -57.619
OD 25.993 -31.678 -59.849
OE 27.969 -31.963 -61.669
OF 28.09 -33.496 -63.307
OG 29.215 -37.326 -60.992
OH 28.665 -36.225 -62.879
OI 26.286 -35.496 -63.968
OJ 24.274 -35.571 -62.97
OK 25.372 -38.085 -59.326
OL 23.984 -37.083 -60.822
N 23.155 -34.354 -60.739
entry77
OA -7.975 20.419 -9.371
OB -6.875 18.629 -10.227
OC -5.994 19.086 -14.023
OD -6.074 21.334 -14.398
OE -8.713 22.504 -13.995
OF -9.192 24.553 -13.186
OG -8.384 23.836 -8.831
OH -8.859 25.231 -10.545
OI -7.255 26.477 -12.343
OJ -5.028 26.105 -12.564
OK -4.134 23.405 -9.03
OL -3.568 24.346 -10.992
N -3.714 23.728 -13.579
entry78
OA -8.189 20.445 -9.33
OB -7.379 18.654 -10.429
OC -5.9 19.176 -13.909
OD -6.468 21.251 -14.559
OE -8.832 22.467 -14.127
OF -9.16 24.508 -13.25
OG -8.401 23.812 -8.817
OH -8.858 25.163 -10.561
OI -7.313 26.372 -12.358
OJ -5.114 26.051 -12.688
OK -4.141 23.529 -9.014
OL -3.681 24.806 -10.839
N -3.598 23.856 -13.536
entry79
OA 29.426 -35.54 -58.032
OB 28.647 -34.27 -56.325
OC 26.357 -31.379 -57.569
OD 25.645 -31.991 -59.643
OE 27.85 -32.082 -61.614
OF 28.061 -33.514 -63.335
OG 29.177 -37.228 -61.04
OH 28.653 -36.132 -62.951
OI 26.192 -35.522 -64.056
OJ 24.22 -35.768 -62.968
OK 25.301 -38.245 -59.337
OL 23.922 -36.897 -60.489
N 23.239 -34.334 -60.717
entry80
OA 29.669 -35.532 -58.136
OB 28.994 -34.026 -56.603
OC 26.262 -31.543 -57.567
OD 26.007 -31.666 -59.798
OE 27.971 -31.937 -61.629
OF 28.035 -33.445 -63.288
OG 29.215 -37.213 -61.026
OH 28.659 -36.096 -62.907
OI 26.265 -35.447 -64.004
OJ 24.266 -35.577 -62.996
OK 25.202 -38.26 -59.398
OL 23.952 -37.139 -60.925
N 23.15 -34.443 -60.751
entry81
OA -7.984 20.37 -9.319
OB -6.925 18.583 -10.225
OC -6.064 19.073 -14.0
OD -6.098 21.318 -14.374
OE -8.766 22.542 -14.054
OF -9.215 24.587 -13.23
OG -8.468 23.84 -8.886
OH -8.925 25.231 -10.61
OI -7.322 26.468 -12.368
OJ -5.089 26.125 -12.549
OK -4.139 23.536 -8.974
OL -3.613 24.409 -10.976
N -3.749 23.772 -13.555
entry82
OA -8.22 20.398 -9.255
OB -7.429 18.629 -10.402
OC -5.96 19.175 -13.892
OD -6.55 21.238 -14.562
OE -8.919 22.474 -14.141
OF -9.176 24.536 -13.292
OG -8.491 23.816 -8.871
OH -8.931 25.162 -10.626
OI -7.383 26.368 -12.367
OJ -5.183 26.068 -12.684
OK -4.106 23.634 -8.983
OL -3.735 24.872 -10.849
N -3.646 23.886 -13.506
entry83
OA 29.528 -35.563 -58.072
OB 28.743 -34.291 -56.37
OC 26.342 -31.394 -57.604
OD 25.712 -31.946 -59.721
OE 27.903 -32.1 -61.638
OF 28.064 -33.528 -63.374
OG 29.145 -37.269 -61.107
OH 28.595 -36.19 -63.018
OI 26.163 -35.542 -64.07
OJ 24.194 -35.744 -62.97
OK 25.407 -38.012 -59.244
OL 23.939 -36.762 -60.402
N 23.258 -34.211 -60.696
entry84
OA 29.726 -35.572 -58.162
OB 29.061 -34.051 -56.64
OC 26.312 -31.54 -57.626
OD 26.062 -31.652 -59.856
OE 28.016 -31.949 -61.687
OF 28.012 -33.461 -63.348
OG 29.176 -37.259 -61.09
OH 28.606 -36.149 -62.969
OI 26.236 -35.483 -64.011
OJ 24.237 -35.581 -62.998
OK 25.363 -38.042 -59.326
OL 23.969 -37.046 -60.821
N 23.141 -34.323 -60.753
entry85
OA -8.033 20.362 -9.311
OB -7.004 18.567 -10.232
OC -6.076 19.117 -14.004
OD -6.148 21.357 -14.4
OE -8.779 22.557 -14.016
OF -9.215 24.613 -13.201
OG -8.442 23.875 -8.828
OH -8.897 25.257 -10.556
OI -7.278 26.528 -12.331
OJ -5.059 26.141 -12.572
OK -4.166 23.367 -9.076
OL -3.608 24.344 -11.023
N -3.759 23.741 -13.616
entry86
OA -8.232 20.4 -9.236
OB -7.449 18.628 -10.381
OC -6.019 19.201 -13.908
OD -6.567 21.279 -14.562
OE -8.926 22.52 -14.116
OF -9.17 24.587 -13.269
OG -8.462 23.853 -8.814
OH -8.898 25.194 -10.572
OI -7.329 26.434 -12.333
OJ -5.141 26.093 -12.69
OK -4.174 23.498 -9.058
OL -3.713 24.796 -10.868
N -3.64 23.874 -13.577
entry87
OA 29.294 -35.633 -58.119
OB 28.552 -34.327 -56.423
OC 26.255 -31.456 -57.636
OD 25.557 -32.079 -59.715
OE 27.703 -32.18 -61.675
OF 27.917 -33.634 -63.387
OG 29.04 -37.392 -61.057
OH 28.552 -36.276 -62.968
OI 26.066 -35.716 -64.088
OJ 24.117 -36.008 -62.969
OK 25.382 -38.557 -59.257
OL 24.029 -37.026 -60.263
N 23.148 -34.492 -60.675
entry88
OA 29.514 -35.671 -58.207
OB 28.866 -34.142 -56.685
OC 26.089 -31.689 -57.606
OD 25.796 -31.847 -59.832
OE 27.77 -32.075 -61.694
OF 27.88 -33.602 -63.335
OG 29.069 -37.394 -61.037
OH 28.543 -36.251 -62.914
OI 26.105 -35.644 -64.031
OJ 24.138 -35.929 -62.98
OK 25.381 -38.557 -59.257
OL 24.046 -37.45 -60.771
N 23.015 -34.688 -60.712
entry89
OA -7.858 20.3 -9.432
OB -6.862 18.482 -10.351
OC -6.005 18.924 -14.109
OD -6.039 21.175 -14.467
OE -8.583 22.372 -14.078
OF -9.049 24.428 -13.258
OG -8.213 23.709 -8.892
OH -8.699 25.128 -10.584
OI -7.14 26.339 -12.411
OJ -4.912 25.982 -12.634
OK -4.047 23.271 -9.12
OL -3.447 24.172 -11.092
N -3.625 23.549 -13.671
entry90
OA -8.035 20.343 -9.342
OB -7.312 18.538 -10.481
OC -5.785 19.043 -13.958
OD -6.346 21.127 -14.59
OE -8.702 22.345 -14.184
OF -9.009 24.396 -13.308
OG -8.215 23.71 -8.872
OH -8.693 25.077 -10.596
OI -7.185 26.248 -12.418
OJ -4.983 25.949 -12.75
OK -4.03 23.371 -9.125
OL -3.534 24.649 -10.941
N -3.494 23.715 -13.65
entry91
OA 29.338 -35.725 -57.96
OB 28.454 -34.504 -56.268
OC 26.177 -31.562 -57.574
OD 25.479 -32.159 -59.657
OE 27.667 -32.202 -61.67
OF 27.827 -33.625 -63.4
OG 29.026 -37.321 -61.122
OH 28.502 -36.181 -63.012
OI 26.04 -35.652 -64.133
OJ 24.062 -35.934 -63.07
OK 25.185 -38.396 -59.396
OL 23.779 -37.071 -60.548
N 23.072 -34.514 -60.743
entry92
OA 29.558 -35.725 -58.053
OB 28.82 -34.214 -56.557
OC 26.119 -31.706 -57.587
OD 25.889 -31.805 -59.821
OE 27.839 -32.069 -61.661
OF 27.802 -33.561 -63.334
OG 29.061 -37.319 -61.104
OH 28.516 -36.145 -62.959
OI 26.123 -35.59 -64.072
OJ 24.119 -35.76 -63.083
OK 25.105 -38.425 -59.465
OL 23.823 -37.309 -60.972
N 22.991 -34.616 -60.783
entry93
OA -7.853 20.273 -9.394
OB -6.767 18.488 -10.272
OC -5.95 18.915 -14.062
OD -5.947 21.16 -14.44
OE -8.585 22.407 -14.117
OF -9.03 24.454 -13.294
OG -8.257 23.681 -8.946
OH -8.731 25.09 -10.653
OI -7.142 26.329 -12.437
OJ -4.908 25.998 -12.62
OK -3.977 23.422 -9.046
OL -3.435 24.267 -11.055
N -3.586 23.61 -13.625
entry94
OA -8.074 20.305 -9.322
OB -7.27 18.528 -10.447
OC -5.818 19.023 -13.951
OD -6.382 21.093 -14.622
OE -8.735 22.351 -14.217
OF -8.998 24.409 -13.358
OG -8.287 23.652 -8.936
OH -8.732 25.028 -10.668
OI -7.203 26.234 -12.445
OJ -5.0 25.946 -12.761
OK -3.935 23.513 -9.07
OL -3.548 24.736 -10.943
N -3.489 23.733 -13.596
entry95
OA 29.359 -35.593 -58.239
OB 28.482 -34.458 -56.484
OC 26.262 -31.491 -57.648
OD 25.632 -32.046 -59.769
OE 27.778 -32.241 -61.691
OF 28.057 -33.705 -63.382
OG 29.073 -37.488 -61.044
OH 28.58 -36.387 -62.955
OI 26.134 -35.712 -64.059
OJ 24.148 -35.876 -62.972
OK 25.33 -38.186 -59.284
OL 23.866 -36.899 -60.409
N 23.198 -34.347 -60.722
entry96
OA 29.547 -35.638 -58.314
OB 28.874 -34.172 -56.74
OC 26.168 -31.666 -57.666
OD 25.91 -31.801 -59.896
OE 27.887 -32.095 -61.713
OF 27.999 -33.628 -63.35
OG 29.091 -37.478 -61.031
OH 28.573 -36.354 -62.914
OI 26.192 -35.626 -64.005
OJ 24.181 -35.701 -63.006
OK 25.285 -38.207 -59.354
OL 23.894 -37.209 -60.852
N 23.062 -34.482 -60.775
entry97
OA -8.013 20.292 -9.462
OB -7.203 18.418 -10.447
OC -5.213 19.422 -13.724
OD -6.12 21.344 -14.523
OE -8.712 22.416 -14.042
OF -9.199 24.44 -13.179
OG -8.392 23.707 -8.851
OH -8.83 25.112 -10.564
OI -7.242 26.368 -12.338
OJ -5.02 26.013 -12.621
OK -3.982 23.104 -9.175
OL -3.535 24.255 -11.055
N -3.688 23.682 -13.66
entry98
OA -8.17 20.344 -9.357
OB -7.365 18.553 -10.462
OC -5.889 19.08 -13.945
OD -6.467 21.154 -14.589
OE -8.835 22.36 -14.152
OF -9.156 24.403 -13.278
OG -8.375 23.711 -8.844
OH -8.839 25.057 -10.59
OI -7.304 26.268 -12.394
OJ -5.107 25.947 -12.737
OK -4.115 23.422 -9.072
OL -3.665 24.703 -10.895
N -3.592 23.752 -13.588
entry99
OA 29.435 -35.593 -58.142
OB 28.761 -34.248 -56.455
OC 26.13 -31.588 -57.528
OD 25.682 -31.95 -59.721
OE 27.675 -32.047 -61.91
OF 27.98 -33.641 -63.467
OG 29.104 -37.441 -61.098
OH 28.548 -36.314 -62.977
OI 26.114 -35.67 -64.093
OJ 24.137 -35.843 -63.01
OK 25.306 -38.089 -59.181
OL 23.872 -36.985 -60.527
N 23.169 -34.39 -60.727
entry100
OA 29.653 -35.662 -58.228
OB 28.969 -34.16 -56.696
OC 26.235 -31.657 -57.686
OD 25.972 -31.774 -59.913
OE 27.937 -32.078 -61.757
OF 27.955 -33.606 -63.404
OG 29.101 -37.448 -61.099
OH 28.533 -36.304 -62.959
OI 26.164 -35.635 -64.055
OJ 24.167 -35.71 -63.035
OK 25.313 -38.149 -59.349
OL 23.907 -37.168 -60.845
N 23.077 -34.447 -60.805
entry101
OA -8.026 20.282 -9.45
OB -7.178 18.41 -10.391
OC -5.845 18.992 -14.011
OD -6.188 21.175 -14.516
OE -8.733 22.633 -14.329
OF -9.171 24.578 -13.287
OG -8.414 23.75 -8.868
OH -8.855 25.138 -10.594
OI -7.242 26.396 -12.371
OJ -5.026 26.022 -12.623
OK -4.104 23.249 -9.081
OL -3.585 24.35 -10.98
N -3.669 23.626 -13.59
entry102
OA -8.236 20.339 -9.323
OB -7.461 18.551 -10.449
OC -6.003 19.121 -13.963
OD -6.546 21.2 -14.614
OE -8.899 22.446 -14.164
OF -9.134 24.509 -13.307
OG -8.393 23.751 -8.854
OH -8.832 25.11 -10.598
OI -7.281 26.335 -12.372
OJ -5.094 25.986 -12.735
OK -4.151 23.422 -9.082
OL -3.679 24.696 -10.906
N -3.603 23.748 -13.607
entry103
OA 29.564 -35.467 -58.228
OB 28.762 -34.219 -56.525
OC 26.174 -31.576 -57.546
OD 25.822 -31.796 -59.778
OE 27.904 -32.081 -61.651
OF 28.13 -33.564 -63.337
OG 29.221 -37.324 -60.996
OH 28.63 -36.276 -62.904
OI 26.206 -35.569 -63.987
OJ 24.154 -35.594 -63.034
OK 25.342 -37.956 -59.029
OL 23.893 -36.817 -60.313
N 23.241 -34.217 -60.639
entry104
OA 29.658 -35.514 -58.262
OB 28.901 -34.125 -56.659
OC 26.21 -31.541 -57.633
OD 25.95 -31.673 -59.871
OE 27.958 -31.991 -61.673
OF 28.086 -33.503 -63.334
OG 29.214 -37.326 -60.995
OH 28.664 -36.239 -62.894
OI 26.263 -35.509 -63.977
OJ 24.249 -35.599 -62.974
OK 25.312 -38.004 -59.193
OL 23.955 -37.043 -60.736
N 23.172 -34.34 -60.725
entry105
OA -8.104 20.413 -9.366
OB -7.081 18.62 -10.283
OC -5.812 19.148 -13.915
OD -6.256 21.297 -14.503
OE -8.727 22.533 -14.049
OF -9.185 24.568 -13.191
OG -8.409 23.814 -8.828
OH -8.816 25.231 -10.539
OI -7.231 26.446 -12.342
OJ -5.026 26.152 -12.752
OK -4.038 23.224 -9.066
OL -3.477 24.302 -10.955
N -3.663 23.684 -13.577
entry106
OA -8.2 20.438 -9.303
OB -7.235 18.692 -10.343
OC -5.852 19.21 -13.932
OD -6.462 21.275 -14.594
OE -8.824 22.474 -14.101
OF -9.168 24.525 -13.247
OG -8.403 23.814 -8.816
OH -8.862 25.177 -10.555
OI -7.298 26.384 -12.359
OJ -5.094 26.065 -12.68
OK -4.061 23.402 -9.061
OL -3.639 24.722 -10.858
N -3.614 23.815 -13.528
entry107
OA 29.592 -35.477 -58.092
OB 28.794 -34.199 -56.412
OC 26.201 -31.559 -57.497
OD 25.814 -31.806 -59.72
OE 27.869 -32.037 -61.633
OF 28.054 -33.503 -63.334
OG 29.217 -37.209 -61.03
OH 28.622 -36.144 -62.935
OI 26.184 -35.519 -64.015
OJ 24.146 -35.621 -63.049
OK 25.208 -38.167 -59.111
OL 23.874 -36.938 -60.431
N 23.211 -34.328 -60.653
entry108
OA 29.691 -35.536 -58.127
OB 28.935 -34.114 -56.555
OC 26.231 -31.531 -57.582
OD 25.957 -31.664 -59.818
OE 27.941 -31.963 -61.642
OF 28.027 -33.453 -63.32
OG 29.217 -37.211 -61.03
OH 28.659 -36.108 -62.923
OI 26.244 -35.46 -64.013
OJ 24.243 -35.603 -63.001
OK 25.132 -38.179 -59.255
OL 23.932 -37.114 -60.852
N 23.166 -34.437 -60.732
entry109
OA -8.148 20.359 -9.316
OB -7.133 18.584 -10.271
OC -5.859 19.143 -13.875
OD -6.328 21.273 -14.5
OE -8.801 22.545 -14.092
OF -9.206 24.591 -13.237
OG -8.499 23.817 -8.881
OH -8.887 25.229 -10.604
OI -7.302 26.435 -12.359
OJ -5.091 26.171 -12.742
OK -4.01 23.317 -9.026
OL -3.533 24.382 -10.942
N -3.704 23.726 -13.557
entry110
OA -8.241 20.392 -9.221
OB -7.309 18.664 -10.317
OC -5.93 19.2 -13.92
OD -6.532 21.263 -14.595
OE -8.901 22.492 -14.128
OF -9.184 24.558 -13.291
OG -8.495 23.818 -8.871
OH -8.934 25.178 -10.62
OI -7.368 26.382 -12.369
OJ -5.162 26.083 -12.677
OK -4.015 23.496 -9.034
OL -3.698 24.793 -10.864
N -3.662 23.845 -13.498
entry111
OA 29.665 -35.531 -58.121
OB 28.884 -34.225 -56.454
OC 26.229 -31.546 -57.551
OD 25.879 -31.769 -59.784
OE 27.915 -32.05 -61.677
OF 28.047 -33.522 -63.384
OG 29.179 -37.254 -61.096
OH 28.564 -36.202 -63.0
OI 26.154 -35.54 -64.03
OJ 24.115 -35.605 -63.062
OK 25.352 -37.932 -59.052
OL 23.891 -36.791 -60.319
N 23.231 -34.196 -60.638
entry112
OA 29.765 -35.598 -58.154
OB 28.983 -34.178 -56.597
OC 26.251 -31.538 -57.636
OD 26.028 -31.637 -59.875
OE 28.003 -31.969 -61.687
OF 28.014 -33.466 -63.366
OG 29.179 -37.259 -61.092
OH 28.609 -36.158 -62.98
OI 26.222 -35.491 -64.015
OJ 24.222 -35.601 -62.998
OK 25.307 -37.972 -59.195
OL 23.952 -37.007 -60.737
N 23.17 -34.311 -60.722
entry113
OA -8.151 20.352 -9.312
OB -7.137 18.572 -10.255
OC -5.885 19.188 -13.883
OD -6.369 21.312 -14.518
OE -8.81 22.58 -14.052
OF -9.204 24.633 -13.202
OG -8.476 23.85 -8.82
OH -8.852 25.256 -10.546
OI -7.248 26.497 -12.317
OJ -5.053 26.193 -12.751
OK -4.064 23.181 -9.115
OL -3.515 24.291 -10.989
N -3.712 23.697 -13.621
entry114
OA -8.241 20.392 -9.207
OB -7.301 18.66 -10.288
OC -5.969 19.228 -13.938
OD -6.559 21.298 -14.602
OE -8.915 22.529 -14.096
OF -9.18 24.603 -13.265
OG -8.464 23.856 -8.812
OH -8.9 25.208 -10.565
OI -7.316 26.445 -12.335
OJ -5.122 26.105 -12.686
OK -4.094 23.377 -9.108
OL -3.673 24.714 -10.893
N -3.66 23.833 -13.574
entry115
OA 29.497 -35.603 -58.179
OB 28.831 -34.174 -56.564
OC 26.187 -31.584 -57.581
OD 25.689 -31.933 -59.766
OE 27.726 -32.169 -61.708
OF 27.877 -33.645 -63.407
OG 29.056 -37.38 -61.051
OH 28.436 -36.332 -62.96
OI 25.953 -35.692 -64.054
OJ 23.855 -35.773 -63.191
OK 25.382 -38.557 -59.257
OL 23.919 -36.997 -60.023
N 22.964 -34.488 -60.684
entry116
OA 29.557 -35.68 -58.204
OB 28.745 -34.29 -56.634
OC 26.013 -31.723 -57.626
OD 25.773 -31.83 -59.864
OE 27.786 -32.1 -61.678
OF 27.884 -33.598 -63.352
OG 29.077 -37.388 -61.041
OH 28.552 -36.256 -62.929
OI 26.098 -35.644 -64.04
OJ 24.124 -35.912 -62.993
OK 25.381 -38.557 -59.257
OL 24.026 -37.401 -60.711
N 23.044 -34.666 -60.684
entry117
OA -7.961 20.305 -9.397
OB -7.154 18.461 -10.426
OC -5.291 19.272 -13.785
OD -6.158 21.216 -14.571
OE -8.6 22.398 -14.1
OF -9.037 24.447 -13.25
OG -8.243 23.692 -8.893
OH -8.66 25.135 -10.578
OI -7.108 26.321 -12.401
OJ -4.9 26.055 -12.817
OK -3.922 23.051 -9.163
OL -3.345 24.165 -11.029
N -3.546 23.546 -13.656
entry118
OA -8.058 20.34 -9.3
OB -7.155 18.587 -10.381
OC -5.716 19.089 -13.971
OD -6.354 21.147 -14.63
OE -8.707 22.34 -14.145
OF -9.019 24.408 -13.306
OG -8.214 23.711 -8.874
OH -8.698 25.089 -10.592
OI -7.174 26.258 -12.422
OJ -4.968 25.96 -12.751
OK -3.963 23.265 -9.16
OL -3.5 24.572 -10.957
N -3.512 23.667 -13.633
entry119
OA 29.465 -35.656 -58.007
OB 28.713 -34.256 -56.404
OC 25.687 -32.079 -57.563
OD 25.645 -31.951 -59.829
OE 27.688 -32.159 -61.704
OF 27.826 -33.627 -63.407
OG 29.054 -37.308 -61.108
OH 28.475 -36.196 -62.996
OI 26.034 -35.666 -64.097
OJ 23.987 -35.798 -63.155
OK 25.1 -38.286 -59.127
OL 23.739 -37.119 -60.481
N 23.04 -34.512 -60.698
entry120
OA 29.602 -35.736 -58.047
OB 28.754 -34.32 -56.523
OC 26.059 -31.713 -57.608
OD 25.838 -31.804 -59.848
OE 27.804 -32.09 -61.676
OF 27.8 -33.57 -63.363
OG 29.065 -37.316 -61.106
OH 28.518 -36.154 -62.973
OI 26.107 -35.602 -64.078
OJ 24.099 -35.774 -63.088
OK 25.031 -38.346 -59.316
OL 23.804 -37.278 -60.895
N 23.018 -34.603 -60.749
entry121
OA -7.979 20.268 -9.386
OB -7.128 18.439 -10.403
OC -5.288 19.257 -13.765
OD -6.162 21.18 -14.598
OE -8.61 22.434 -14.18
OF -9.027 24.471 -13.302
OG -8.284 23.657 -8.947
OH -8.691 25.089 -10.648
OI -7.118 26.305 -12.429
OJ -4.905 26.056 -12.811
OK -3.848 23.184 -9.11
OL -3.354 24.266 -11.012
N -3.524 23.597 -13.629
entry122
OA -8.08 20.296 -9.296
OB -7.178 18.54 -10.376
OC -5.785 19.049 -13.977
OD -6.362 21.122 -14.654
OE -8.716 22.377 -14.207
OF -9.002 24.441 -13.362
OG -8.281 23.66 -8.937
OH -8.735 25.048 -10.663
OI -7.184 26.253 -12.449
OJ -4.975 25.967 -12.754
OK -3.855 23.383 -9.121
OL -3.509 24.662 -10.957
N -3.501 23.706 -13.591
entry123
OA 29.439 -35.567 -58.261
OB 28.746 -34.224 -56.579
OC 25.716 -32.064 -57.647
OD 25.717 -31.898 -59.913
OE 27.815 -32.203 -61.71
OF 28.052 -33.698 -63.385
OG 29.098 -37.471 -61.034
OH 28.54 -36.403 -62.941
OI 26.113 -35.709 -64.033
OJ 24.059 -35.718 -63.081
OK 25.232 -38.052 -59.027
OL 23.797 -36.959 -60.366
N 23.129 -34.358 -60.702
entry124
OA 29.555 -35.649 -58.301
OB 28.795 -34.269 -56.693
OC 26.125 -31.661 -57.676
OD 25.87 -31.793 -59.915
OE 27.878 -32.123 -61.714
OF 27.996 -33.636 -63.374
OG 29.09 -37.478 -61.034
OH 28.571 -36.368 -62.929
OI 26.17 -35.638 -64.014
OJ 24.155 -35.727 -63.011
OK 25.22 -38.124 -59.219
OL 23.862 -37.169 -60.766
N 23.079 -34.466 -60.761
entry125
OA -8.096 20.295 -9.439
OB -7.18 18.473 -10.412
OC -5.449 19.318 -13.759
OD -6.309 21.247 -14.587
OE -8.751 22.417 -14.078
OF -9.198 24.452 -13.21
OG -8.389 23.707 -8.853
OH -8.803 25.117 -10.567
OI -7.228 26.343 -12.367
OJ -5.03 26.05 -12.809
OK -3.985 23.061 -9.151
OL -3.469 24.219 -11.006
N -3.653 23.609 -13.638
entry126
OA -8.182 20.339 -9.324
OB -7.229 18.592 -10.375
OC -5.859 19.109 -13.969
OD -6.459 21.179 -14.624
OE -8.828 22.367 -14.126
OF -9.166 24.421 -13.274
OG -8.376 23.714 -8.844
OH -8.843 25.073 -10.584
OI -7.29 26.28 -12.396
OJ -5.088 25.961 -12.732
OK -4.036 23.297 -9.12
OL -3.625 24.62 -10.917
N -3.609 23.712 -13.581
entry127
OA 29.57 -35.611 -58.181
OB 28.87 -34.218 -56.547
OC 25.751 -32.07 -57.628
OD 25.772 -31.872 -59.89
OE 27.826 -32.174 -61.755
OF 27.996 -33.669 -63.437
OG 29.124 -37.418 -61.098
OH 28.5 -36.345 -62.985
OI 26.082 -35.703 -64.073
OJ 24.044 -35.745 -63.099
OK 25.284 -38.013 -59.028
OL 23.821 -36.928 -60.345
N 23.15 -34.336 -60.711
entry128
OA 29.681 -35.68 -58.22
OB 28.881 -34.283 -56.652
OC 26.182 -31.654 -57.704
OD 25.94 -31.755 -59.941
OE 27.927 -32.102 -61.758
OF 27.956 -33.612 -63.424
OG 29.101 -37.445 -61.099
OH 28.535 -36.312 -62.971
OI 26.147 -35.641 -64.059
OJ 24.149 -35.731 -63.035
OK 25.257 -38.077 -59.221
OL 23.884 -37.126 -60.758
N 23.105 -34.43 -60.777
entry129
OA -8.16 20.292 -9.393
OB -7.273 18.467 -10.384
OC -5.482 19.349 -13.781
OD -6.355 21.278 -14.599
OE -8.785 22.507 -14.104
OF -9.173 24.555 -13.239
OG -8.405 23.748 -8.863
OH -8.79 25.169 -10.575
OI -7.202 26.404 -12.355
OJ -5.007 26.092 -12.793
OK -4.044 23.105 -9.126
OL -3.487 24.203 -11.007
N -3.66 23.598 -13.647
entry130
OA -8.246 20.328 -9.303
OB -7.302 18.579 -10.352
OC -5.928 19.154 -13.99
OD -6.54 21.217 -14.653
OE -8.889 22.45 -14.14
OF -9.142 24.523 -13.304
OG -8.393 23.753 -8.853
OH -8.834 25.123 -10.592
OI -7.268 26.345 -12.376
OJ -5.075 25.999 -12.732
OK -4.078 23.312 -9.128
OL -3.639 24.617 -10.932
N -3.621 23.709 -13.604