Keys in the npz file:
['l2/b', 'l2/W', 'l3/b', 'l3/W', 'l4/b', 'l4/W', 'l1/b', 'l1/W']

Key: l2/b
Shape: (21,), dtype: float32
Content:
[ 4.5796663e-02 -1.2162065e-02 -9.6468426e-02  0.0000000e+00
 -3.5620175e-02 -1.2793999e-02 -5.5474946e-03  5.4156471e-02
  0.0000000e+00  3.8384827e-05  8.1650987e-02  0.0000000e+00
  0.0000000e+00  0.0000000e+00  8.1101388e-02 -1.0424690e-01
 -2.9560057e-02  6.8237875e-03  0.0000000e+00 -4.9235560e-02
 -2.9525347e-02]
----------------------------------------
Key: l2/W
Shape: (21, 13), dtype: float32
Content:
[[-0.08828082  0.18960153  0.12121174  0.08261253  0.34565997 -0.04762203
   0.2616129  -0.4124668  -0.20642681  0.1207549  -0.14929624  0.23037139
   0.03461542]
 [ 0.48251233 -0.09070275  0.24180768 -0.11684411  0.0248474   0.12325773
   0.22800815  0.0033762  -0.24514176  0.11466502  0.11340403  0.04188241
  -0.11809053]
 [-0.05838225 -0.62824035  0.87296313  0.23562802  0.01491583 -0.00482353
   0.36615413  0.06025122  0.66676074  0.3823001  -0.270828    0.13465102
  -0.30885136]
 [ 0.13537164 -0.35575002 -0.18703008 -0.18079883 -0.37057993 -0.3764846
   0.2710104   0.4623368   0.15002601  0.36444178 -0.10078584 -0.20529981
   0.01733383]
 [ 0.03164965  0.13265593 -0.06714809  0.49004772  0.09884991  0.20300019
  -0.3202599   0.27930114 -0.31112325  0.16865633  0.3237714   0.04475966
  -0.10678134]
 [ 0.631809   -0.38686675  0.02689353  0.14414804 -0.20326896  0.15518938
   0.2577408   0.3176228  -0.28404918 -0.3158553   0.36537367  0.03880104
  -0.24440472]
 [ 0.13054456  0.416915   -0.22865409 -0.80609053 -0.11014041  0.22913216
  -0.4184968   0.05140194 -0.07031792  0.04359283  0.10647975  0.209142
  -0.07629276]
 [ 0.34305733  0.06233915 -0.4352073  -0.02492275  0.06640888  0.15582398
   0.11156175  0.01918027 -0.10171123  0.0131821   0.22043304  0.2279914
  -0.21837594]
 [-0.01755101  0.08753541  0.22629988  0.4216269  -0.11708806  0.12106237
   0.00904731  0.02785574 -0.30404294 -0.13550135 -0.03399797 -0.4037565
  -0.17830913]
 [-0.02253276 -0.48336455  0.1960336  -0.24726762  0.15456876  0.09645732
  -0.05164862  0.07986705 -0.1783984   0.05746029 -0.1525366   0.0226901
   0.31030065]
 [-0.60951394  0.50068855  0.18477622 -0.8988932   0.01457812  0.70513856
   0.00579603  0.03824741  0.01626557  0.4264067  -0.3131782   0.7168234
   0.22567336]
 [-0.23885402 -0.28684488  0.3954281   0.37007067 -0.19245593  0.33358425
  -0.00579402 -0.04954804  0.36275396 -0.02236942  0.18013602 -0.18114461
  -0.21704562]
 [ 0.22467126 -0.19879542 -0.00212828  0.31053084 -0.10963138 -0.08391794
  -0.07229731 -0.08970405  0.06391212  0.08270653 -0.19839655  0.16021676
  -0.63002557]
 [-0.69786006 -0.17370425  0.07277073 -0.13563631  0.02883217  0.11758637
  -0.25847113  0.05139976  0.1361976   0.41663015  0.09375546 -0.0589193
  -0.07569879]
 [-0.49771273  0.42642415 -0.31764585 -0.45126146 -0.34178847  0.3164963
  -0.12968352 -0.01238762 -0.21039772 -0.08174635  0.11933249 -0.15573364
   0.5707605 ]
 [ 0.07880758 -0.5122382   0.51653045 -0.37880015 -0.07660409  0.02898261
   0.37966722  0.14255251  0.2728676   0.26552504 -0.02494473  0.32050827
   0.06613103]
 [ 0.2460644   0.30695617 -0.23445448  0.55324227 -0.0209563  -0.54561067
   0.1685547   0.03776972 -0.24653865 -0.17149761 -0.2786523  -0.04992808
  -0.22886167]
 [-0.13079605 -0.15535325 -0.07155581  0.07252447 -0.11064845  0.14698547
   0.10340807  0.2378004   0.09655719  0.11988391  0.0050742   0.6300418
  -0.02404089]
 [ 0.28340593 -0.4766358   0.15287375  0.08210909 -0.03328365  0.18851641
  -0.26073694 -0.04024247 -0.5358214   0.15973516 -0.18260491 -0.14124705
   0.0646474 ]
 [ 0.08465783 -0.03556535 -0.10003219  0.17722109  0.178851    0.04103587
  -0.1838869  -0.32911274  0.09567271 -0.15470801 -0.06325125  0.18563715
   0.03346466]
 [ 0.1243581   0.14754505 -0.15815008 -0.0329229  -0.00791987  0.03729908
   0.32957634 -0.13082813  0.26811182 -0.25567445  0.5888829   0.05243095
   0.21925373]]
----------------------------------------
Key: l3/b
Shape: (16,), dtype: float32
Content:
[ 0.          0.1454884  -0.0389932  -0.03219473  0.          0.
  0.          0.         -0.06559235  0.0318539   0.08268929  0.13895468
  0.          0.1596057  -0.0026174   0.00970703]
----------------------------------------
Key: l3/W
Shape: (16, 21), dtype: float32
Content:
[[-2.71833867e-01 -6.36650622e-02  3.02758247e-01 -2.30066702e-01
   3.74015095e-03 -1.85017869e-01  2.43797213e-01 -1.52776558e-02
   1.43833384e-01  5.71781886e-04 -1.02036037e-01  2.92377800e-01
   8.38221461e-02  4.05836552e-01  2.18797386e-01 -3.99313644e-02
   3.70181769e-01  1.02105208e-01 -3.10795575e-01 -1.21418893e-01
  -3.59959692e-01]
 [-4.12941538e-02 -2.82619178e-01 -6.29532337e-02 -2.33740002e-01
  -4.72896881e-02 -1.68389380e-01  1.31053329e-01 -3.32040489e-02
  -2.98403114e-01  5.03859408e-02  3.16332310e-01  5.39236367e-01
  -2.99007565e-01 -2.63596955e-03  3.69039863e-01  8.95992592e-02
  -2.77876575e-02 -1.15391031e-01  4.45980698e-01 -3.01734447e-01
  -1.07110217e-02]
 [ 2.02189058e-01 -1.13225318e-01  5.81334531e-01  7.37583414e-02
  -1.45433163e-02 -1.03902481e-01  3.87159735e-02  8.30823258e-02
  -5.44951893e-02  2.03267202e-01 -4.47055697e-01 -2.70599931e-01
   5.64183965e-02 -1.66866034e-02 -5.31013548e-01  4.99418288e-01
  -2.96374887e-01  2.04770774e-01 -1.62842244e-01  1.33524947e-02
   3.59507352e-01]
 [-1.10868327e-01 -8.85494277e-02 -6.67175353e-02  1.52824759e-01
   1.97526976e-01  3.44111025e-01  3.65480810e-01  4.01898399e-02
  -1.02090567e-01 -1.36977974e-02  8.49449709e-02  4.87266295e-02
  -6.40329197e-02 -2.17976123e-01  2.95157641e-01  2.36114547e-01
   1.99361444e-01  4.33303565e-01  5.12795568e-01 -2.39941906e-02
  -2.88271755e-01]
 [-3.18529844e-01 -2.10690454e-01 -3.77183110e-01  1.37969851e-01
   1.34533290e-02  5.11719942e-01 -1.56023800e-01  4.17975038e-01
   3.40537518e-01 -6.77566752e-02 -1.24725744e-01  3.40024568e-02
  -7.98039660e-02  2.13354155e-01 -7.23100081e-02 -7.56550059e-02
   2.10453302e-01 -7.35003874e-03 -3.53512466e-01  1.73294768e-01
  -5.62727004e-02]
 [-1.88138634e-01 -1.25578746e-01 -1.81557253e-01 -1.45526469e-01
  -2.31363043e-01  1.08435815e-02 -9.12799165e-02 -6.11144155e-02
  -1.42323866e-01 -8.21625739e-02  1.91485927e-01 -1.10909685e-01
  -2.69517582e-02  1.31962925e-01 -2.36558095e-01 -2.52963990e-01
   8.38320032e-02 -1.21137269e-01 -1.80742711e-01  2.03220453e-02
   4.07008640e-02]
 [ 2.53817141e-01 -2.22293690e-01  1.84376817e-02 -4.81970375e-03
   1.12157933e-01  2.29501694e-01  4.00271732e-03 -2.32224129e-02
  -1.67538777e-01  2.34415799e-01 -2.39378110e-01  1.02118045e-01
  -1.40527129e-01 -1.95121199e-01 -2.01595679e-01 -4.65076566e-01
   6.29387144e-03 -1.85610518e-01  1.73704326e-01  2.32088324e-02
   2.06087947e-01]
 [ 2.12017089e-01  5.70278754e-03 -3.59844342e-02  2.17026114e-01
   2.34879017e-01 -6.17349446e-02 -8.62595513e-02  2.26583213e-01
   2.39800699e-02 -8.32161978e-02  1.49009690e-01 -7.97637179e-02
   9.13348198e-02 -1.88257068e-01  5.49787618e-02 -1.23839632e-01
   2.57962912e-01 -4.37787324e-01 -4.81571615e-01  4.54363406e-01
  -5.14757596e-02]
 [ 1.21356271e-01 -1.21393979e-01  2.66345561e-01  2.22811759e-01
  -2.35696942e-01  2.06725728e-02 -4.34202654e-03 -5.28016612e-02
  -1.68499142e-01 -2.05876097e-01 -2.75558885e-02 -1.29480707e-02
  -1.11733861e-01 -2.00960606e-01 -9.88634303e-02 -7.55167231e-02
  -1.83113053e-01 -1.51463956e-01 -1.83546081e-01 -1.08575992e-01
  -1.98168114e-01]
 [-6.50627464e-02  1.41252190e-01 -8.79263431e-02  2.00419188e-01
  -1.17298663e-01 -1.72305226e-01  9.29990262e-02  1.75296903e-01
  -1.17543437e-01  7.35847652e-03  5.29460847e-01 -3.18631530e-01
  -3.82652909e-01 -2.09157422e-01 -3.12379450e-01  4.57382239e-02
   1.86026264e-02 -3.96546572e-01 -3.42627078e-01 -1.28880635e-01
   6.45978237e-03]
 [ 2.50509620e-01 -2.76732415e-01 -4.92319077e-01  7.57365450e-02
  -3.23101908e-01  2.06820313e-02 -8.48193467e-02  2.40857467e-01
   1.69461921e-01 -3.08813423e-01  3.55227143e-01  2.17445884e-02
   1.84017152e-01  3.28887969e-01 -5.77444322e-02 -3.52824003e-01
   1.12335175e-01 -8.75734463e-02  1.99414983e-01 -7.79770985e-02
  -6.79053515e-02]
 [ 1.96950063e-01 -9.81796905e-02 -8.70891333e-01  2.18341291e-01
  -2.63860941e-01 -3.99082899e-01 -2.01639906e-01  2.89819300e-01
  -1.67705253e-01  7.82235414e-02  3.92321259e-01 -3.46298277e-01
   1.93430092e-02 -2.46133357e-01  1.35193691e-01 -5.75203478e-01
   1.31020127e-02  2.39965878e-02  5.67107618e-01 -5.81229627e-02
   3.97862829e-02]
 [-4.98185270e-02  2.25576416e-01 -2.62473613e-01  5.29012263e-01
   2.62009680e-01  6.85134009e-02 -1.90614566e-01 -1.57655597e-01
  -2.32287332e-01  1.80107430e-01 -6.73604906e-02 -9.10555199e-02
  -1.65112540e-01  2.05664515e-01  3.24325264e-02 -1.69916347e-01
   7.46988356e-02  8.94029662e-02  4.15718883e-01  1.54553443e-01
  -2.39828914e-01]
 [ 1.55395791e-01  1.96016744e-01 -4.09448683e-01  9.71621349e-02
   3.96285318e-02 -7.68397003e-02 -4.44286287e-01  1.87074006e-01
  -1.20074019e-01 -2.26477623e-01  1.70021459e-01  4.38205637e-02
  -9.36937481e-02 -1.62082493e-01  6.51478469e-01 -3.28015387e-01
  -4.05292243e-01  2.08902344e-01  8.61102790e-02  1.05230577e-01
   9.14507955e-02]
 [-1.33552864e-01 -9.52169299e-03  2.85085917e-01  2.64810890e-01
  -8.54278058e-02 -3.11179519e-01  7.22454563e-02 -8.39773640e-02
   3.94746009e-03  7.72478282e-02  9.32220444e-02 -9.25108790e-03
  -1.43023893e-01  2.85368621e-01 -1.08328745e-01  6.28036410e-02
   1.63532823e-01  2.07087338e-01  1.35059312e-01  3.26179206e-01
  -2.05358967e-01]
 [ 1.33224860e-01 -2.05564708e-01  1.63236067e-01 -1.80177122e-01
   1.14188753e-01 -4.91329819e-01 -2.76990801e-01 -1.04262754e-01
  -3.55914176e-01  3.31519037e-01  2.29392484e-01  3.52889210e-01
  -1.66804194e-01  4.25838493e-02 -1.92730278e-02  1.83238342e-01
  -5.50216772e-02 -4.23136711e-01  3.47727627e-01  1.67225167e-01
  -1.41159058e-01]]
----------------------------------------
Key: l4/b
Shape: (2,), dtype: float32
Content:
[0.29447773 0.30012965]
----------------------------------------
Key: l4/W
Shape: (2, 16), dtype: float32
Content:
[[-0.18198971  0.09172662 -0.900013   -0.12617333  0.19880404 -0.21570826
  -0.3471988  -0.06817527  0.17707351 -0.18890041  0.5971832   0.9772845
   0.15547173  0.85624844 -0.41326323  0.2864081 ]
 [-0.09354644  0.5685446  -0.6673035   0.17433606  0.30312404 -0.01455099
   0.15149696  0.8453509  -0.316593    0.4541479   0.20543617  0.28330278
   0.09498065  0.29056886  0.1359682  -0.04692477]]
----------------------------------------
Key: l1/b
Shape: (13,), dtype: float32
Content:
[ 0.         -0.14072716 -0.08061407 -0.05474399  0.          0.08971081
 -0.07676796  0.         -0.06334853  0.06188074  0.          0.01965706
  0.07493941]
----------------------------------------
Key: l1/W
Shape: (13, 19), dtype: float32
Content:
[[-1.60002530e-01  2.19458099e-02  1.46516841e-02 -9.11665708e-02
   1.38077602e-01  1.29075842e-02 -4.24855679e-01 -5.86788170e-02
  -6.18182868e-02  3.69579457e-02 -1.78879559e-01  5.63498884e-02
   3.87433358e-02 -2.95663595e-01 -4.69242521e-02  3.04608941e-01
   6.43840584e-04  1.71127558e-01 -6.49460077e-01]
 [ 2.53092408e-01 -1.31550774e-01  3.11197732e-02  7.84310251e-02
  -3.56516540e-01 -5.10990024e-01 -5.90643704e-01  3.27786475e-01
   2.89020538e-01  5.13089359e-01  9.53987166e-02 -3.52965593e-01
   8.87760818e-02  1.74433012e-02  3.27097207e-01  4.63297814e-02
   3.04472625e-01  1.17644459e-01 -5.26301786e-02]
 [-4.39687967e-02 -5.19962430e-01 -4.93668109e-01 -2.47226402e-01
   4.09014136e-01  1.07313357e-01 -2.66407788e-01  2.75196940e-01
  -7.79709779e-03  3.00902098e-01  2.67777294e-01 -3.36818141e-03
   2.35376194e-01  1.43360600e-01  9.12066698e-02 -1.86491050e-02
  -8.49802271e-02 -1.37446493e-01 -1.06670670e-01]
 [-1.36147186e-01  2.78416157e-01  5.62745392e-01 -4.57560569e-01
   9.07452181e-02  1.15616463e-01  1.83892265e-01  4.15195636e-02
   4.35810626e-01 -2.98739642e-01 -3.67633291e-02 -3.45914155e-01
   3.02976072e-01  2.46950164e-01  2.99071848e-01 -2.10779473e-01
   1.79989517e-01 -1.21979699e-01  3.74401122e-01]
 [ 2.02886522e-01 -5.23831487e-01 -6.56829507e-04  3.92003477e-01
  -1.32447764e-01  2.67907176e-02 -9.34459120e-02 -1.29364654e-01
   2.48077270e-02 -1.75890177e-01 -4.21383411e-01 -1.04226023e-02
  -3.64451200e-01  3.40483248e-01  5.00421459e-03 -3.56982082e-01
   7.19818115e-01  1.34418234e-01 -2.04627395e-01]
 [-3.33233088e-01  4.23484385e-01 -4.00617599e-01  5.21000028e-01
  -4.42880034e-01 -8.82701874e-02 -2.10163742e-01  3.49898845e-01
  -2.75030643e-01 -3.02152872e-01 -1.62305668e-01  1.05555341e-01
  -2.27133255e-03  1.82305485e-01  3.39570254e-01 -7.90309459e-02
  -1.46925449e-01  2.78577268e-01 -2.33486131e-01]
 [-8.29916373e-02  6.08876571e-02  4.03750360e-01 -1.36306332e-02
   2.91391194e-01 -2.81630661e-02 -1.13549314e-01 -2.49370649e-01
  -4.80794683e-02 -1.35991067e-01 -1.02331914e-01 -5.43864742e-02
   4.51207995e-01  4.00157839e-01 -3.34764332e-01  2.10799687e-02
   4.29537296e-01  2.32386708e-01 -2.31130570e-02]
 [-2.13080738e-03 -1.52256891e-01 -2.90627062e-01  1.06213041e-01
  -1.95717350e-01 -1.95638299e-01  1.04662210e-01 -5.67437783e-02
  -5.39246559e-01 -7.11624697e-02 -3.13059837e-01  9.38615203e-02
   6.78143576e-02  2.42630512e-01 -1.09781466e-01 -4.21767347e-02
  -1.84364215e-01  7.90773779e-02 -2.20293850e-01]
 [-5.71009219e-01 -3.33923310e-01  3.23215038e-01 -2.94874877e-01
   1.49299026e-01  1.07495174e-01 -2.00141117e-01  7.69008994e-02
  -1.29913628e-01  2.84105867e-01 -2.30699569e-01 -1.95863739e-01
   5.96007049e-01 -2.85810590e-01  1.69967458e-01 -9.63512622e-03
   5.65207601e-01  1.50498882e-01 -1.53120294e-01]
 [-4.53667551e-01 -8.25929269e-02  1.56268347e-02  2.12204561e-01
   1.28963724e-01  7.72919357e-02  1.03326157e-01 -4.30973358e-02
  -2.53995597e-01  1.30773246e-01  2.45040301e-02 -2.14565992e-02
  -2.23059297e-01  2.92246997e-01  2.53201693e-01 -4.58912283e-01
   1.89053014e-01  2.67288029e-01 -2.21006796e-02]
 [-1.85318038e-01 -3.30046952e-01 -1.38103455e-01 -1.00249037e-01
   1.44436359e-02  2.02782871e-03 -1.59497783e-01  1.32963464e-01
   2.47439414e-01 -2.56912500e-01  3.21441032e-02  2.06415921e-01
  -7.91680440e-02  2.21029475e-01 -4.21733677e-01 -3.67071807e-01
  -2.65242159e-01  1.34792894e-01  9.37905442e-03]
 [-8.91364813e-02  6.64431974e-03 -3.91700827e-02  2.74548739e-01
   5.60886450e-02  4.05644327e-01  2.81032443e-01 -9.50616226e-02
   3.30326140e-01 -8.91501736e-03  9.25118104e-02  9.42181423e-02
   1.32713579e-02 -1.00046806e-01 -7.46454149e-02  1.65552050e-01
   3.20038587e-01  1.36847541e-01  2.98677355e-01]
 [ 1.16402194e-01  5.92525601e-02  4.41272520e-02  4.71572578e-01
  -1.07648998e-01  3.31034139e-02  9.96944830e-02 -3.46775018e-02
   4.91119266e-01 -1.01725549e-01  1.15911044e-01  1.14679746e-01
  -2.49754228e-02  1.76649407e-01 -2.44079143e-01  2.59892903e-02
  -1.15321606e-01  3.80545259e-01  4.47701007e-01]]
----------------------------------------
